Experiment: tinycnn | Dataset: cifar10
       accuracy  precision  recall        f1  support
class                                                
0        0.8342   0.314752   0.559  0.402738     1000
1        0.8005   0.207181   0.352  0.260837     1000
2        0.8555   0.140549   0.087  0.107474     1000
3        0.8442   0.218182   0.216  0.217085     1000
4        0.8687   0.302149   0.239  0.266890     1000
5        0.8892   0.254545   0.056  0.091803     1000
6        0.8384   0.297900   0.454  0.359746     1000
7        0.8518   0.201733   0.163  0.180310     1000
8        0.8774   0.354756   0.276  0.310461     1000
9        0.8587   0.240252   0.191  0.212813     1000

          precision  recall        f1
macro        0.2532  0.2593  0.241016
micro        0.2593  0.2593  0.259300
weighted     0.2532  0.2593  0.241016

